<?xml version="1.0" encoding="UTF-8" standalone="no" ?>
<SimscapeMultibodyImportXML version="2.0" xmlns="urn:mathworks:SimscapeMultibody:import" xmlns:xsi="http://www.w3.org/2001/XMLSchema-instance">
<Created by="" on="07/08/24||00:13:34" using="Simscape Multibody Link Version 7.4" from="SolidWorks 32.1.0"/>
<ModelUnits mass="kilogram" length="millimeter"/>
<DataUnits mass="kilogram" length="meter"/>
<RootAssembly name="quad_jul2024" uid="quad_jul2024" version="452">
<AssemblyFile name="quad_jul2024.SLDASM" type="SolidWorks Assembly"/>
<InstanceTree>
<Instance name="arm_joint-2" uid="arm_joint-2" entityUid="arm_joint*:*Predeterminado">
<Transform>
<Rotation>-0.70710678118655712 -2.7755575615628904e-16 -0.70710678118653802 0.70710678118653814 3.3306690738754681e-16 -0.70710678118655701 0 -1 -1.1775693440128366e-16</Rotation>
<Translation>0.053069786791986005 0.05296391837335071 0.024000000000000014</Translation>
</Transform>
</Instance>
<Instance name="arm-4" uid="arm-4" entityUid="arm*:*Predeterminado">
<Transform>
<Rotation>0.70710678118655701 -3.3306690738754696e-16 0.70710678118653791 -0.70710678118653802 5.5511151231257827e-16 0.70710678118655712 -5.5511151231257827e-16 -0.99999999999999989 1.9428902930940392e-16</Rotation>
<Translation>0.04384062043356661 0.043840620433565375 0.024000000000000039</Translation>
</Transform>
</Instance>
<Instance name="arm-2" uid="arm-2" entityUid="arm*:*Predeterminado">
<Transform>
<Rotation>0.70710678118655712 0 -0.70710678118653802 -0.70710678118653802 -1.3401577416544556e-16 -0.70710678118655712 -1.1102230246251563e-16 1 0</Rotation>
<Translation>-0.04384062043356611 -0.043840620433565763 0.024000000000000018</Translation>
</Transform>
</Instance>
<Instance name="nylon_joint-4" uid="nylon_joint-4" entityUid="nylon_joint*:*Predeterminado">
<Transform>
<Rotation>-0.70710678118655712 -2.3116028882014733e-16 0.7071067811865378 -0.70710678118653791 0 -0.70710678118655701 1.1102230246251565e-16 -0.99999999999999989 -2.1588771306901988e-16</Rotation>
<Translation>0.13087166288987861 -0.13087165617940921 0.023999999999999681</Translation>
</Transform>
</Instance>
<Instance name="bottom_board-1" uid="bottom_board-1" grounded="true" entityUid="bottom_board*:*Predeterminado">
<Transform>
<Rotation>1 0 0 0 1 0 0 0 1</Rotation>
<Translation>0 0 0</Translation>
</Transform>
</Instance>
<Instance name="top_board-1" uid="top_board-1" entityUid="top_board*:*Predeterminado">
<Transform>
<Rotation>1 0 0 0 1 0 0 0 1</Rotation>
<Translation>0 0 0.045999999999999985</Translation>
</Transform>
</Instance>
<Instance name="arm_joint-1" uid="arm_joint-1" entityUid="arm_joint*:*Predeterminado">
<Transform>
<Rotation>0.70710678118655701 0 -0.70710678118653814 0.70710678118653814 0 0.70710678118655701 0 -1 0</Rotation>
<Translation>-0.055930525929379457 0.05582465751073637 0.023999999999999997</Translation>
</Transform>
</Instance>
<Instance name="arm_joint-3" uid="arm_joint-3" entityUid="arm_joint*:*Predeterminado">
<Transform>
<Rotation>0.70710678118655712 0 0.70710678118653802 -0.70710678118653802 0 0.70710678118655712 0 -1 0</Rotation>
<Translation>-0.053069786791985533 -0.052963918373351064 0.024</Translation>
</Transform>
</Instance>
<Instance name="arm_joint-4" uid="arm_joint-4" entityUid="arm_joint*:*Predeterminado">
<Transform>
<Rotation>0.70710678118655701 0 -0.70710678118653814 0.70710678118653814 0 0.70710678118655701 0 -1 0</Rotation>
<Translation>0.05296391837336261 -0.053069786791983931 0.023999999999999997</Translation>
</Transform>
</Instance>
<Instance name="arm-1" uid="arm-1" entityUid="arm*:*Predeterminado">
<Transform>
<Rotation>1.6653345369377348e-16 -0.70710678118656189 0.70710678118653325 0 -0.70710678118653314 -0.70710678118656189 1 1.1102230246251565e-16 0</Rotation>
<Translation>-0.16397806255715816 0.16397806255716252 0.024000000000000011</Translation>
</Transform>
</Instance>
<Instance name="arm-3" uid="arm-3" entityUid="arm*:*Predeterminado">
<Transform>
<Rotation>0.7071067811865569 1.2490009027033011e-16 0.70710678118653802 0.70710678118653791 0 -0.7071067811865569 0 1 -2.1207048195498552e-16</Rotation>
<Translation>0.043840620433593443 -0.043840620433548347 0.023999999999999709</Translation>
</Transform>
</Instance>
<Instance name="nylon_joint-1" uid="nylon_joint-1" entityUid="nylon_joint*:*Predeterminado">
<Transform>
<Rotation>0.70710678118656212 -6.9388939039072284e-16 -0.70710678118653314 0.70710678118653292 5.2735593669694936e-16 0.70710678118656201 -1.0408340855860843e-16 -1 8.6422186669514181e-16</Rotation>
<Translation>-0.13228587645222384 0.13228586974180026 0.023999999999999969</Translation>
</Transform>
</Instance>
<Instance name="nylon_joint-2" uid="nylon_joint-2" entityUid="nylon_joint*:*Predeterminado">
<Transform>
<Rotation>0.70710678118655723 -3.0728385979799943e-16 0.70710678118653769 -0.70710678118653769 6.3477161541227031e-16 0.70710678118655723 -6.6613381477509402e-16 -1 2.3156881275042306e-16</Rotation>
<Translation>0.13087165617942478 0.13087166288985325 0.024000000000000049</Translation>
</Transform>
</Instance>
<Instance name="nylon_joint-3" uid="nylon_joint-3" entityUid="nylon_joint*:*Predeterminado">
<Transform>
<Rotation>-0.70710678118655701 -1.1102230246251565e-16 -0.70710678118653802 0.7071067811865378 4.4408920985006262e-16 -0.70710678118655712 4.4408920985006262e-16 -1 -1.2238800741111132e-16</Rotation>
<Translation>-0.13087165617942459 -0.1308716628898533 0.023999999999999976</Translation>
</Transform>
</Instance>
<Instance name="leg_joint-1" uid="leg_joint-1" entityUid="leg_joint*:*Predeterminado">
<Transform>
<Rotation>0 0 -1 -1 0 0 0 1 0</Rotation>
<Translation>0.055500000640749905 0 -0.0040000000000000001</Translation>
</Transform>
</Instance>
<Instance name="leg_joint-2" uid="leg_joint-2" entityUid="leg_joint*:*Predeterminado">
<Transform>
<Rotation>0 0 1 1 0 0 0 1 0</Rotation>
<Translation>-0.055500000640749905 0 -0.0040000000000000001</Translation>
</Transform>
</Instance>
<Instance name="foam-1" uid="foam-1" entityUid="foam*:*Predeterminado">
<Transform>
<Rotation>-0.30901699437494834 -0.95105651629515342 4.0115480381963782e-16 1.2396365175541902e-16 3.8152089021576985e-16 1 -0.95105651629515342 0.30901699437494834 0</Rotation>
<Translation>-0.1246639219981658 0.081749999999999989 -0.21686466212820246</Translation>
</Transform>
</Instance>
<Instance name="foam-2" uid="foam-2" entityUid="foam*:*Predeterminado">
<Transform>
<Rotation>0.30901699437494856 -0.9510565162951532 -1.6979859365186982e-16 7.8457830525722174e-16 0 1 -0.9510565162951532 -0.30901699437494856 7.6978354246470815e-16</Rotation>
<Translation>0.12466392199816596 0.081750000000000156 -0.21686466212820238</Translation>
</Transform>
</Instance>
<Instance name="motor-3" uid="motor-3" entityUid="motor*:*Default">
<Transform>
<Rotation>0.70710678118653802 0 0.70710678118655712 0.70710678118655712 -4.7194302778340832e-16 -0.70710678118653802 2.6949372088716578e-16 1 -3.9793450967155443e-16</Rotation>
<Translation>-0.17766868590507193 -0.17766869078307096 0.029499999999999856</Translation>
</Transform>
</Instance>
<Instance name="motor-4" uid="motor-4" entityUid="motor*:*Default">
<Transform>
<Rotation>0.70710678118655701 3.8098062853512451e-16 0.70710678118653814 0.70710678118653814 0 -0.70710678118655701 -2.0267705209265817e-16 1 -3.3611091978314306e-16</Rotation>
<Translation>0.17766869078309552 -0.17766868590505733 0.029499999999999929</Translation>
</Transform>
</Instance>
<Instance name="leg-1" uid="leg-1" entityUid="leg*:*Predeterminado">
<Transform>
<Rotation>-0.30901699437494851 0 0.9510565162951532 0 1 -1.077247711435605e-16 -0.9510565162951532 0 -0.30901699437494851</Rotation>
<Translation>-0.056363440816442893 0 -0.0066573956140660966</Translation>
</Transform>
</Instance>
<Instance name="ankle-2" uid="ankle-2" entityUid="ankle*:*Predeterminado">
<Transform>
<Rotation>-0.95105651629515342 -0.30901699437494828 -1.697985936518714e-16 0 -7.8539605374849941e-16 0.99999999999999989 -0.30901699437494834 0.9510565162951532 7.6978354246470815e-16</Rotation>
<Translation>0.12466392199816588 0 -0.21686466212820235</Translation>
</Transform>
</Instance>
<Instance name="propeller-1" uid="propeller-1" entityUid="propeller*:*Predeterminado">
<Transform>
<Rotation>0.99595436909148649 -0.089860417802164305 0 0.089860417802164305 0.99595436909148649 0 0 0 1</Rotation>
<Translation>-0.1776686859050719 -0.1776686907830709 0.069499999999999895</Translation>
</Transform>
</Instance>
<Instance name="propeller-2" uid="propeller-2" entityUid="propeller*:*Predeterminado">
<Transform>
<Rotation>1 0 0 0 1 0 0 0 1</Rotation>
<Translation>-0.17908290434543983 0.17908289946744929 0.069499999999999951</Translation>
</Transform>
</Instance>
<Instance name="motor-1" uid="motor-1" entityUid="motor*:*Default">
<Transform>
<Rotation>-0.70710678118653325 5.5172191887697404e-16 0.70710678118656212 0.70710678118656212 -3.928413333844208e-16 0.70710678118653325 6.679070809336493e-16 1 -1.1234553940068675e-16</Rotation>
<Translation>-0.17908290434544002 0.17908289946744912 0.029499999999999915</Translation>
</Transform>
</Instance>
<Instance name="motor-2" uid="motor-2" entityUid="motor*:*Default">
<Transform>
<Rotation>0.70710678118653791 4.4945133131174867e-16 0.70710678118655712 0.70710678118655712 -4.84951275697291e-16 -0.70710678118653791 0 1 -6.6072241977448002e-16</Rotation>
<Translation>0.17766868590507218 0.17766869078307101 0.02949999999999995</Translation>
</Transform>
</Instance>
<Instance name="propeller-3" uid="propeller-3" entityUid="propeller*:*Predeterminado">
<Transform>
<Rotation>0.96171997099489548 -0.27403411719998921 0 0.27403411719998921 0.96171997099489548 0 0 0 1</Rotation>
<Translation>0.1776686859050722 0.17766869078307099 0.069499999999999992</Translation>
</Transform>
</Instance>
<Instance name="foot-2" uid="foot-2" entityUid="foot*:*Predeterminado">
<Transform>
<Rotation>-0.9510565162951532 0.30901699437494856 1.6979859365186972e-16 0 7.8457830525722203e-16 -0.99999999999999967 -0.30901699437494856 -0.9510565162951532 -7.6978354246470756e-16</Rotation>
<Translation>0.12455841970056203 0 -0.21689894190269179</Translation>
</Transform>
</Instance>
<Instance name="ankle-1" uid="ankle-1" entityUid="ankle*:*Predeterminado">
<Transform>
<Rotation>-0.9510565162951532 0.30901699437494839 4.0115480381963664e-16 1.8041124150158794e-16 0 1 0.30901699437494834 0.95105651629515331 0</Rotation>
<Translation>-0.12466392199816584 0 -0.21686466212820221</Translation>
</Transform>
</Instance>
<Instance name="foot-1" uid="foot-1" entityUid="foot*:*Predeterminado">
<Transform>
<Rotation>-0.95105651629515331 -0.30901699437494823 -4.0115480381963777e-16 3.8152089021576945e-16 1.2396365175541914e-16 -0.99999999999999989 0.30901699437494823 -0.95105651629515331 0</Rotation>
<Translation>-0.12476942429576982 0 -0.21683038235371327</Translation>
</Transform>
</Instance>
<Instance name="foam-3" uid="foam-3" entityUid="foam*:*Predeterminado">
<Transform>
<Rotation>0.30901699437494839 -0.95105651629515353 -1.4932153228993546e-16 7.3948326340579094e-16 0 1 -0.95105651629515353 -0.30901699437494839 7.2902121001494738e-16</Rotation>
<Translation>0.12466392199816588 -0.081749999999999767 -0.21686466212820246</Translation>
</Transform>
</Instance>
<Instance name="foam-4" uid="foam-4" entityUid="foam*:*Predeterminado">
<Transform>
<Rotation>-0.30901699437494823 -0.95105651629515342 3.8418715137260161e-16 0 3.8592161031040067e-16 1 -0.95105651629515342 0.30901699437494823 0</Rotation>
<Translation>-0.12466392199816582 -0.081749999999999948 -0.21686466212820216</Translation>
</Transform>
</Instance>
<Instance name="leg-2" uid="leg-2" entityUid="leg*:*Predeterminado">
<Transform>
<Rotation>0.30901699437494828 -2.7582103268031233e-16 0.95105651629515331 9.1593399531575415e-16 0.99999999999999989 0 -0.95105651629515342 8.6042284408449632e-16 0.30901699437494834</Rotation>
<Translation>0.056363440816442921 0 -0.0066573956140660584</Translation>
</Transform>
</Instance>
<Instance name="jetson_orin_nano-1" uid="jetson_orin_nano-1" entityUid="jetson_orin_nano*:*Predeterminado">
<Transform>
<Rotation>-1 1.2246467991473591e-16 2.5647206843394374e-16 -1.2246467991473596e-16 -1 -1.2246467991473648e-16 2.5647206843394374e-16 -1.2246467991473653e-16 1</Rotation>
<Translation>0.046000000000000062 0.15400000000000003 0.0069000000000000034</Translation>
</Transform>
</Instance>
<Instance name="hanger-5" uid="hanger-5" entityUid="hanger*:*Predeterminado">
<Transform>
<Rotation>1 0 9.1638686455593566e-16 -9.1638686455593566e-16 1.1640136103372543e-16 1 0 -1 1.1640136103372538e-16</Rotation>
<Translation>-0.030000000000000006 0.096499999999999975 0</Translation>
</Transform>
</Instance>
<Instance name="hanger-6" uid="hanger-6" entityUid="hanger*:*Predeterminado">
<Transform>
<Rotation>-1 0 1.2246467991473473e-16 -1.2246467991473475e-16 0 -1 0 -1 0</Rotation>
<Translation>0.030000000000000002 0.13350000000000001 0</Translation>
</Transform>
</Instance>
<Instance name="hanger-2" uid="hanger-2" entityUid="hanger*:*Predeterminado">
<Transform>
<Rotation>1 0 3.3306690738754696e-16 -3.3306690738754696e-16 0 1 0 -1 0</Rotation>
<Translation>-0.029999999999999999 0.049499999999999995 0</Translation>
</Transform>
</Instance>
<Instance name="computer_board-1" uid="computer_board-1" entityUid="computer_board*:*Predeterminado">
<Transform>
<Rotation>-1.2246467991473591e-16 -1.0000000000000002 0 1 -1.2246467991473586e-16 0 0 0 1.0000000000000002</Rotation>
<Translation>0 0.11499999999999999 0.0010000000000000057</Translation>
</Transform>
</Instance>
<Instance name="hanger-4" uid="hanger-4" entityUid="hanger*:*Predeterminado">
<Transform>
<Rotation>1 0 -1.6653345369377348e-16 1.6653345369377348e-16 0 1 0 -1 0</Rotation>
<Translation>-0.029999999999999995 -0.049500000000000009 0</Translation>
</Transform>
</Instance>
<Instance name="hanger-3" uid="hanger-3" entityUid="hanger*:*Predeterminado">
<Transform>
<Rotation>1 0 0 0 0 1 0 -1 0</Rotation>
<Translation>0.030000000000000006 -0.049500000000000002 0</Translation>
</Transform>
</Instance>
<Instance name="hanger-8" uid="hanger-8" entityUid="hanger*:*Predeterminado">
<Transform>
<Rotation>1 0 -1.2246467991473473e-16 1.2246467991473473e-16 1.22464679914735e-16 1 0 -1 1.22464679914735e-16</Rotation>
<Translation>-0.030000000000000006 0.13350000000000001 0</Translation>
</Transform>
</Instance>
<Instance name="bar-2" uid="bar-2" entityUid="bar*:*Predeterminado">
<Transform>
<Rotation>1 0 0 0 0 -1 0 1 0</Rotation>
<Translation>0.029999999999999995 0.1555 -0.012</Translation>
</Transform>
</Instance>
<Instance name="propeller-4" uid="propeller-4" entityUid="propeller*:*Predeterminado">
<Transform>
<Rotation>0.99165367418089201 0.12893017677618315 0 -0.12893017677618315 0.99165367418089201 0 0 0 1</Rotation>
<Translation>0.17766869078306805 -0.17766868590508367 0.069499999999999951</Translation>
</Transform>
</Instance>
<Instance name="hanger-1" uid="hanger-1" entityUid="hanger*:*Predeterminado">
<Transform>
<Rotation>1 0 0 0 0 1 0 -1 0</Rotation>
<Translation>0.029999999999999995 0.049500000000000002 0</Translation>
</Transform>
</Instance>
<Instance name="hanger-7" uid="hanger-7" entityUid="hanger*:*Predeterminado">
<Transform>
<Rotation>-1 0 1.2246467991473473e-16 -1.2246467991473475e-16 0 -1 0 -1 0</Rotation>
<Translation>0.030000000000000009 0.096499999999999989 0</Translation>
</Transform>
</Instance>
<Instance name="bar-1" uid="bar-1" entityUid="bar*:*Predeterminado">
<Transform>
<Rotation>1 0 -3.3306690738754667e-16 -3.3306690738754662e-16 0 -1 0 1 0</Rotation>
<Translation>-0.029999999999999957 0.1555 -0.012000000000000002</Translation>
</Transform>
</Instance>
<Instance name="Turnigy 5000mAh 3S-1" uid="Turnigy 5000mAh 3S-1" entityUid="Turnigy 5000mAh 3S*:*Predeterminado">
<Transform>
<Rotation>0 1 0 0 0 -1 -1 0 0</Rotation>
<Translation>0 0.00050000000000000044 0.0155</Translation>
</Transform>
</Instance>
<Instance name="pixhawk6c-1" uid="pixhawk6c-1" entityUid="pixhawk6c*:*Predeterminado">
<Transform>
<Rotation>-1.224646799147353e-16 0 -1 -1 0 1.224646799147353e-16 0 1 0</Rotation>
<Translation>0 0 0.05389999999999999</Translation>
</Transform>
</Instance>
</InstanceTree>
<Constraints>
<Coincident name="Coincident2">
<ConstraintGeometry geomType="plane">
<InstancePath>
<Uid>bottom_board-1</Uid>
</InstancePath>
<Position>0.071999999999999995 0.048965512114593795 0.002</Position>
<Axis>1 0 0</Axis>
</ConstraintGeometry>
<ConstraintGeometry geomType="plane">
<InstancePath>
<Uid>top_board-1</Uid>
</InstancePath>
<Position>0.071999999999999995 -0.048965512114593795 0</Position>
<Axis>1 0 0</Axis>
</ConstraintGeometry>
</Coincident>
<Coincident name="Coincident3">
<ConstraintGeometry geomType="plane">
<InstancePath>
<Uid>bottom_board-1</Uid>
</InstancePath>
<Position>-0.048965512114593795 0.071999999999999995 0.002</Position>
<Axis>0 1 0</Axis>
</ConstraintGeometry>
<ConstraintGeometry geomType="plane">
<InstancePath>
<Uid>top_board-1</Uid>
</InstancePath>
<Position>0.048965512114593795 0.071999999999999995 0</Position>
<Axis>0 1 0</Axis>
</ConstraintGeometry>
</Coincident>
<Coincident name="Coincident4">
<ConstraintGeometry geomType="plane">
<InstancePath>
<Uid>bottom_board-1</Uid>
</InstancePath>
<Position>-0.048965512114593795 -0.067000000000000004 0.002</Position>
<Axis>0 0 1</Axis>
</ConstraintGeometry>
<ConstraintGeometry geomType="plane">
<InstancePath>
<Uid>arm_joint-2</Uid>
</InstancePath>
<Position>7.4860276729856422e-05 0.022000000000000002 0.017977151956744611</Position>
<Axis>3.9252311467094472e-16 1 0</Axis>
</ConstraintGeometry>
</Coincident>
<Coincident name="Coincident5">
<ConstraintGeometry geomType="plane">
<InstancePath>
<Uid>bottom_board-1</Uid>
</InstancePath>
<Position>0.049143921292465205 0.052679455198397701 0.002</Position>
<Axis>0.70710678118653802 0.70710678118655701 0</Axis>
</ConstraintGeometry>
<ConstraintGeometry geomType="plane">
<InstancePath>
<Uid>arm_joint-2</Uid>
</InstancePath>
<Position>-0.049925139723270222 0.0039999999999999827 0.0029771519567446114</Position>
<Axis>1.1102230246251565e-16 0 1</Axis>
</ConstraintGeometry>
</Coincident>
<Coincident name="Coincident6">
<ConstraintGeometry geomType="plane">
<InstancePath>
<Uid>bottom_board-1</Uid>
</InstancePath>
<Position>0.0548007755419576 0.049143921292465004 0.002</Position>
<Axis>-0.70710678118656201 0.70710678118653303 0</Axis>
</ConstraintGeometry>
<ConstraintGeometry geomType="plane">
<InstancePath>
<Uid>arm_joint-2</Uid>
</InstancePath>
<Position>-0.0039251397232701402 0.023 0.017977151956744611</Position>
<Axis>-1.0000000000000002 -3.9252311467094472e-16 0</Axis>
</ConstraintGeometry>
</Coincident>
<Coincident name="Coincident8">
<ConstraintGeometry geomType="plane">
<InstancePath>
<Uid>bottom_board-1</Uid>
</InstancePath>
<Position>-0.048965512114593795 -0.067000000000000004 0.002</Position>
<Axis>0 0 1</Axis>
</ConstraintGeometry>
<ConstraintGeometry geomType="plane">
<InstancePath>
<Uid>arm_joint-1</Uid>
</InstancePath>
<Position>7.4860276729857289e-05 0.021999999999999999 0.017977151956744611</Position>
<Axis>0 1 0</Axis>
</ConstraintGeometry>
</Coincident>
<Coincident name="Coincident9">
<ConstraintGeometry geomType="plane">
<InstancePath>
<Uid>bottom_board-1</Uid>
</InstancePath>
<Position>-0.056214989104330503 0.0597505230102632 0.002</Position>
<Axis>0.70710678118653802 -0.70710678118655701 0</Axis>
</ConstraintGeometry>
<ConstraintGeometry geomType="plane">
<InstancePath>
<Uid>arm_joint-1</Uid>
</InstancePath>
<Position>-0.049925139723270208 0.0040000000000000001 0.0029771519567446114</Position>
<Axis>1.1102230246251565e-16 0 1.0000000000000002</Axis>
</ConstraintGeometry>
</Coincident>
<Coincident name="Coincident10">
<ConstraintGeometry geomType="plane">
<InstancePath>
<Uid>bottom_board-1</Uid>
</InstancePath>
<Position>-0.059750523010263297 0.054093668760770902 0.002</Position>
<Axis>0.70710678118656201 0.70710678118653303 0</Axis>
</ConstraintGeometry>
<ConstraintGeometry geomType="plane">
<InstancePath>
<Uid>arm_joint-1</Uid>
</InstancePath>
<Position>-0.0039251397232701393 0.023 0.017977151956744597</Position>
<Axis>-1.0000000000000002 0 0</Axis>
</ConstraintGeometry>
</Coincident>
<Coincident name="Coincident11">
<ConstraintGeometry geomType="plane">
<InstancePath>
<Uid>bottom_board-1</Uid>
</InstancePath>
<Position>-0.048965512114593795 -0.067000000000000004 0.002</Position>
<Axis>0 0 1</Axis>
</ConstraintGeometry>
<ConstraintGeometry geomType="plane">
<InstancePath>
<Uid>arm_joint-4</Uid>
</InstancePath>
<Position>7.4860276729867697e-05 0.021999999999999999 0.01797715195674459</Position>
<Axis>0 1 0</Axis>
</ConstraintGeometry>
</Coincident>
<Coincident name="Coincident12">
<ConstraintGeometry geomType="plane">
<InstancePath>
<Uid>bottom_board-1</Uid>
</InstancePath>
<Position>0.052679455198397999 -0.049143921292465004 0.002</Position>
<Axis>0.70710678118653802 -0.70710678118655701 0</Axis>
</ConstraintGeometry>
<ConstraintGeometry geomType="plane">
<InstancePath>
<Uid>arm_joint-4</Uid>
</InstancePath>
<Position>-0.049925139723270208 0.0040000000000000001 0.0029771519567445837</Position>
<Axis>1.1102230246251565e-16 0 1.0000000000000002</Axis>
</ConstraintGeometry>
</Coincident>
<Coincident name="Coincident13">
<ConstraintGeometry geomType="plane">
<InstancePath>
<Uid>bottom_board-1</Uid>
</InstancePath>
<Position>0.049143921292465205 -0.054800775541957301 0.002</Position>
<Axis>0.707106781186569 0.70710678118652603 0</Axis>
</ConstraintGeometry>
<ConstraintGeometry geomType="plane">
<InstancePath>
<Uid>arm_joint-4</Uid>
</InstancePath>
<Position>-0.0039251397232701393 0.023 0.017977151956744597</Position>
<Axis>-1.0000000000000002 0 0</Axis>
</ConstraintGeometry>
</Coincident>
<Coincident name="Coincident14">
<ConstraintGeometry geomType="plane">
<InstancePath>
<Uid>bottom_board-1</Uid>
</InstancePath>
<Position>-0.048965512114593795 -0.067000000000000004 0.002</Position>
<Axis>0 0 1</Axis>
</ConstraintGeometry>
<ConstraintGeometry geomType="plane">
<InstancePath>
<Uid>arm_joint-3</Uid>
</InstancePath>
<Position>7.4860276729857289e-05 0.021999999999999999 0.017977151956744611</Position>
<Axis>0 1 0</Axis>
</ConstraintGeometry>
</Coincident>
<Coincident name="Coincident15">
<ConstraintGeometry geomType="plane">
<InstancePath>
<Uid>bottom_board-1</Uid>
</InstancePath>
<Position>-0.059750523010263297 -0.056214989104330503 0.002</Position>
<Axis>0.70710678118653802 0.70710678118655701 0</Axis>
</ConstraintGeometry>
<ConstraintGeometry geomType="plane">
<InstancePath>
<Uid>arm_joint-3</Uid>
</InstancePath>
<Position>0.050074860276729902 0.0040000000000000001 -0.0070228480432554252</Position>
<Axis>0 0 -1</Axis>
</ConstraintGeometry>
</Coincident>
<Coincident name="Coincident16">
<ConstraintGeometry geomType="plane">
<InstancePath>
<Uid>bottom_board-1</Uid>
</InstancePath>
<Position>-0.0548007755419576 -0.049143921292465004 0.002</Position>
<Axis>0.70710678118656201 -0.70710678118653303 0</Axis>
</ConstraintGeometry>
<ConstraintGeometry geomType="plane">
<InstancePath>
<Uid>arm_joint-3</Uid>
</InstancePath>
<Position>-0.0039251397232701497 0.023 0.017977151956744597</Position>
<Axis>-1 0 0</Axis>
</ConstraintGeometry>
</Coincident>
<Concentric name="Concentric1">
<ConstraintGeometry geomType="cylinder">
<InstancePath>
<Uid>arm_joint-1</Uid>
</InstancePath>
<Position>7.4860276729857289e-05 0 0.014977151956744594</Position>
<Axis>0 0 -1.0000000000000002</Axis>
</ConstraintGeometry>
<ConstraintGeometry geomType="cylinder">
<InstancePath>
<Uid>arm-1</Uid>
</InstancePath>
<Position>0 0 0.16500000000000004</Position>
<Axis>-1.1475206607575647e-16 1.1102230246251565e-16 -1</Axis>
</ConstraintGeometry>
</Concentric>
<Coincident name="Coincident17">
<ConstraintGeometry geomType="plane">
<InstancePath>
<Uid>arm_joint-1</Uid>
</InstancePath>
<Position>-0.049925139723270208 0.014 -0.015022848043255405</Position>
<Axis>1.1102230246251565e-16 1.224646799147352e-16 -1</Axis>
</ConstraintGeometry>
<ConstraintGeometry geomType="plane">
<InstancePath>
<Uid>arm-1</Uid>
</InstancePath>
<Position>0 0 0.16790000000000002</Position>
<Axis>1.1475206607575647e-16 -1.1102230246251565e-16 1</Axis>
</ConstraintGeometry>
</Coincident>
<Concentric name="Concentric2">
<ConstraintGeometry geomType="cylinder">
<InstancePath>
<Uid>arm_joint-3</Uid>
</InstancePath>
<Position>7.486027672985035e-05 0 0.014977151956744601</Position>
<Axis>0 0 -1</Axis>
</ConstraintGeometry>
<ConstraintGeometry geomType="cylinder">
<InstancePath>
<Uid>arm-2</Uid>
</InstancePath>
<Position>0 0 0.16500000000000004</Position>
<Axis>0 0 -1</Axis>
</ConstraintGeometry>
</Concentric>
<Coincident name="Coincident18">
<ConstraintGeometry geomType="plane">
<InstancePath>
<Uid>arm_joint-3</Uid>
</InstancePath>
<Position>0 -0.0069999999999999993 0.012977151956744606</Position>
<Axis>0 0 1</Axis>
</ConstraintGeometry>
<ConstraintGeometry geomType="plane">
<InstancePath>
<Uid>arm-2</Uid>
</InstancePath>
<Position>0 0 0</Position>
<Axis>0 0 -1</Axis>
</ConstraintGeometry>
</Coincident>
<Concentric name="Concentric3">
<ConstraintGeometry geomType="cylinder">
<InstancePath>
<Uid>arm_joint-2</Uid>
</InstancePath>
<Position>7.4860276729846881e-05 0 0.014977151956744608</Position>
<Axis>0 0 -1</Axis>
</ConstraintGeometry>
<ConstraintGeometry geomType="cylinder">
<InstancePath>
<Uid>arm-4</Uid>
</InstancePath>
<Position>0 0 0.16499999999999995</Position>
<Axis>2.2204460492503141e-16 0 -1</Axis>
</ConstraintGeometry>
</Concentric>
<Coincident name="Coincident19">
<ConstraintGeometry geomType="plane">
<InstancePath>
<Uid>arm_joint-2</Uid>
</InstancePath>
<Position>0 -0.0069999999999999993 0.012977151956744599</Position>
<Axis>0 0 1</Axis>
</ConstraintGeometry>
<ConstraintGeometry geomType="plane">
<InstancePath>
<Uid>arm-4</Uid>
</InstancePath>
<Position>0 0 0</Position>
<Axis>2.2204460492503141e-16 0 -1</Axis>
</ConstraintGeometry>
</Coincident>
<Concentric name="Concentric4">
<ConstraintGeometry geomType="cylinder">
<InstancePath>
<Uid>arm_joint-4</Uid>
</InstancePath>
<Position>7.4860276729857289e-05 0 0.014977151956744594</Position>
<Axis>0 0 -1.0000000000000002</Axis>
</ConstraintGeometry>
<ConstraintGeometry geomType="cylinder">
<InstancePath>
<Uid>arm-3</Uid>
</InstancePath>
<Position>0 0 0.16499999999999998</Position>
<Axis>-1.1102230246251565e-16 0 -1</Axis>
</ConstraintGeometry>
</Concentric>
<Coincident name="Coincident20">
<ConstraintGeometry geomType="plane">
<InstancePath>
<Uid>arm_joint-4</Uid>
</InstancePath>
<Position>0 -0.0069999999999999993 0.012977151956744586</Position>
<Axis>0 0 1.0000000000000002</Axis>
</ConstraintGeometry>
<ConstraintGeometry geomType="plane">
<InstancePath>
<Uid>arm-3</Uid>
</InstancePath>
<Position>0 0 0</Position>
<Axis>-1.1102230246251565e-16 0 -1</Axis>
</ConstraintGeometry>
</Coincident>
<Distance name="Coincident21">
<ConstraintGeometry geomType="plane">
<InstancePath>
<Uid>bottom_board-1</Uid>
</InstancePath>
<Position>-0.048965512114593795 -0.067000000000000004 0.002</Position>
<Axis>0 0 1</Axis>
</ConstraintGeometry>
<ConstraintGeometry geomType="plane">
<InstancePath>
<Uid>top_board-1</Uid>
</InstancePath>
<Position>0.067000000000000004 0.048965512114593795 0</Position>
<Axis>0 0 -1</Axis>
</ConstraintGeometry>
</Distance>
<Concentric name="Concentric5">
<ConstraintGeometry geomType="cylinder">
<InstancePath>
<Uid>arm-1</Uid>
</InstancePath>
<Position>0 0 0.16500000000000004</Position>
<Axis>-1.1475206607575647e-16 1.1102230246251565e-16 -1</Axis>
</ConstraintGeometry>
<ConstraintGeometry geomType="cylinder">
<InstancePath>
<Uid>nylon_joint-1</Uid>
</InstancePath>
<Position>4.7449881801497895e-09 0 0.044819524155839396</Position>
<Axis>2.2204460492503141e-16 0 -1</Axis>
</ConstraintGeometry>
</Concentric>
<Coincident name="Coincident22">
<ConstraintGeometry geomType="plane">
<InstancePath>
<Uid>arm-1</Uid>
</InstancePath>
<Position>0 0 0</Position>
<Axis>-1.1475206607575647e-16 1.1102230246251565e-16 -1</Axis>
</ConstraintGeometry>
<ConstraintGeometry geomType="plane">
<InstancePath>
<Uid>nylon_joint-1</Uid>
</InstancePath>
<Position>0 0 0.044819524155839424</Position>
<Axis>2.2204460492503141e-16 0 -1</Axis>
</ConstraintGeometry>
</Coincident>
<Coincident name="Coincident24">
<ConstraintGeometry geomType="plane">
<InstancePath>
<Uid>arm_joint-1</Uid>
</InstancePath>
<Position>0 0 0</Position>
<Axis>0 1 0</Axis>
</ConstraintGeometry>
<ConstraintGeometry geomType="plane">
<InstancePath>
<Uid>arm-1</Uid>
</InstancePath>
<Position>0 0 0</Position>
<Axis>1 0 1.1475206607575647e-16</Axis>
</ConstraintGeometry>
</Coincident>
<Parallel name="Parallel2">
<ConstraintGeometry geomType="plane">
<InstancePath>
<Uid>arm-1</Uid>
</InstancePath>
<Position>0 0 0</Position>
<Axis>1 0 1.1475206607575647e-16</Axis>
</ConstraintGeometry>
<ConstraintGeometry geomType="plane">
<InstancePath>
<Uid>nylon_joint-1</Uid>
</InstancePath>
<Position>0.00010000143127301905 -0.0054999999999998904 0.066080992821063861</Position>
<Axis>0 -1 1.2313569433380317e-16</Axis>
</ConstraintGeometry>
</Parallel>
<Coincident name="Coincident26">
<ConstraintGeometry geomType="plane">
<InstancePath>
<Uid>arm_joint-3</Uid>
</InstancePath>
<Position>0 0 0</Position>
<Axis>0 1 0</Axis>
</ConstraintGeometry>
<ConstraintGeometry geomType="plane">
<InstancePath>
<Uid>arm-2</Uid>
</InstancePath>
<Position>0 0 0</Position>
<Axis>0 1 0</Axis>
</ConstraintGeometry>
</Coincident>
<Concentric name="Concentric6">
<ConstraintGeometry geomType="cylinder">
<InstancePath>
<Uid>arm-2</Uid>
</InstancePath>
<Position>0 0 0.16500000000000004</Position>
<Axis>0 0 -1</Axis>
</ConstraintGeometry>
<ConstraintGeometry geomType="cylinder">
<InstancePath>
<Uid>nylon_joint-3</Uid>
</InstancePath>
<Position>4.7449881940275773e-09 0 0.044819524155839396</Position>
<Axis>-1.110223024625156e-16 1.1312586139146025e-16 -1</Axis>
</ConstraintGeometry>
</Concentric>
<Coincident name="Coincident27">
<ConstraintGeometry geomType="plane">
<InstancePath>
<Uid>arm-2</Uid>
</InstancePath>
<Position>0 0 0.16789999999999999</Position>
<Axis>0 0 1</Axis>
</ConstraintGeometry>
<ConstraintGeometry geomType="plane">
<InstancePath>
<Uid>nylon_joint-3</Uid>
</InstancePath>
<Position>0 0 0.044819524155839396</Position>
<Axis>-1.110223024625156e-16 1.1312586139146025e-16 -1</Axis>
</ConstraintGeometry>
</Coincident>
<Parallel name="Parallel3">
<ConstraintGeometry geomType="plane">
<InstancePath>
<Uid>arm-2</Uid>
</InstancePath>
<Position>0 0 0</Position>
<Axis>0 1 0</Axis>
</ConstraintGeometry>
<ConstraintGeometry geomType="plane">
<InstancePath>
<Uid>nylon_joint-3</Uid>
</InstancePath>
<Position>0.00010000143127303597 -0.0054999999999998973 0.066080992821063889</Position>
<Axis>0 -1 2.3559054130619544e-16</Axis>
</ConstraintGeometry>
</Parallel>
<Parallel name="Parallel4">
<ConstraintGeometry geomType="plane">
<InstancePath>
<Uid>arm_joint-2</Uid>
</InstancePath>
<Position>0 0 0</Position>
<Axis>3.9252311467094472e-16 1 0</Axis>
</ConstraintGeometry>
<ConstraintGeometry geomType="plane">
<InstancePath>
<Uid>arm-4</Uid>
</InstancePath>
<Position>0 0 0</Position>
<Axis>0 0.99999999999999989 0</Axis>
</ConstraintGeometry>
</Parallel>
<Concentric name="Concentric7">
<ConstraintGeometry geomType="cylinder">
<InstancePath>
<Uid>arm-4</Uid>
</InstancePath>
<Position>0 0 0.16499999999999995</Position>
<Axis>2.2204460492503141e-16 0 -1</Axis>
</ConstraintGeometry>
<ConstraintGeometry geomType="cylinder">
<InstancePath>
<Uid>nylon_joint-2</Uid>
</InstancePath>
<Position>4.7449881662720017e-09 0 0.044819524155839396</Position>
<Axis>0 0 -1</Axis>
</ConstraintGeometry>
</Concentric>
<Coincident name="Coincident29">
<ConstraintGeometry geomType="plane">
<InstancePath>
<Uid>arm-4</Uid>
</InstancePath>
<Position>0 0 0.16789999999999997</Position>
<Axis>-2.2204460492503141e-16 0 1</Axis>
</ConstraintGeometry>
<ConstraintGeometry geomType="plane">
<InstancePath>
<Uid>nylon_joint-2</Uid>
</InstancePath>
<Position>0 0 0.044819524155839396</Position>
<Axis>0 0 -1</Axis>
</ConstraintGeometry>
</Coincident>
<Parallel name="Parallel5">
<ConstraintGeometry geomType="plane">
<InstancePath>
<Uid>arm-4</Uid>
</InstancePath>
<Position>0 0 0</Position>
<Axis>0 0.99999999999999989 0</Axis>
</ConstraintGeometry>
<ConstraintGeometry geomType="plane">
<InstancePath>
<Uid>nylon_joint-2</Uid>
</InstancePath>
<Position>0.00010000143127302986 -0.0054999999999998869 0.066080992821063889</Position>
<Axis>0 -1 1.2246467991473525e-16</Axis>
</ConstraintGeometry>
</Parallel>
<Coincident name="Coincident31">
<ConstraintGeometry geomType="plane">
<InstancePath>
<Uid>arm_joint-4</Uid>
</InstancePath>
<Position>0 0 0</Position>
<Axis>0 1 0</Axis>
</ConstraintGeometry>
<ConstraintGeometry geomType="plane">
<InstancePath>
<Uid>arm-3</Uid>
</InstancePath>
<Position>0 0 0</Position>
<Axis>0 1 0</Axis>
</ConstraintGeometry>
</Coincident>
<Concentric name="Concentric8">
<ConstraintGeometry geomType="cylinder">
<InstancePath>
<Uid>arm-3</Uid>
</InstancePath>
<Position>0 0 0.16499999999999998</Position>
<Axis>-1.1102230246251565e-16 0 -1</Axis>
</ConstraintGeometry>
<ConstraintGeometry geomType="cylinder">
<InstancePath>
<Uid>nylon_joint-4</Uid>
</InstancePath>
<Position>4.7449881662720017e-09 0 0.044819524155839424</Position>
<Axis>0 0 -0.99999999999999989</Axis>
</ConstraintGeometry>
</Concentric>
<Coincident name="Coincident32">
<ConstraintGeometry geomType="plane">
<InstancePath>
<Uid>arm-3</Uid>
</InstancePath>
<Position>0 0 0.16789999999999994</Position>
<Axis>1.1102230246251565e-16 0 1</Axis>
</ConstraintGeometry>
<ConstraintGeometry geomType="plane">
<InstancePath>
<Uid>nylon_joint-4</Uid>
</InstancePath>
<Position>0 0 0.044819524155839396</Position>
<Axis>0 0 -0.99999999999999989</Axis>
</ConstraintGeometry>
</Coincident>
<Parallel name="Parallel7">
<ConstraintGeometry geomType="plane">
<InstancePath>
<Uid>arm-3</Uid>
</InstancePath>
<Position>0 0 0</Position>
<Axis>0 1 0</Axis>
</ConstraintGeometry>
<ConstraintGeometry geomType="plane">
<InstancePath>
<Uid>nylon_joint-4</Uid>
</InstancePath>
<Position>0.00010000143127303412 -0.0054999999999998869 0.066080992821063861</Position>
<Axis>0 -0.99999999999999989 1.224646799147352e-16</Axis>
</ConstraintGeometry>
</Parallel>
<Coincident name="Coincident34">
<ConstraintGeometry geomType="plane">
<InstancePath>
<Uid>bottom_board-1</Uid>
</InstancePath>
<Position>-0.048965512114593795 -0.067000000000000004 0</Position>
<Axis>0 0 -1</Axis>
</ConstraintGeometry>
<ConstraintGeometry geomType="plane">
<InstancePath>
<Uid>leg_joint-2</Uid>
</InstancePath>
<Position>0.012500000000000001 0.0040000000000000001 -0.011999999999999997</Position>
<Axis>0 1 0</Axis>
</ConstraintGeometry>
</Coincident>
<Concentric name="Concentric9">
<ConstraintGeometry geomType="cylinder">
<InstancePath>
<Uid>bottom_board-1</Uid>
</InstancePath>
<Position>-0.043000000640749901 0.0135 0.002</Position>
<Axis>0 0 -1</Axis>
</ConstraintGeometry>
<ConstraintGeometry geomType="cylinder">
<InstancePath>
<Uid>leg_joint-2</Uid>
</InstancePath>
<Position>0.0135 0.0040000000000000001 0.012499999999999997</Position>
<Axis>0 -1 0</Axis>
</ConstraintGeometry>
</Concentric>
<Concentric name="Concentric10">
<ConstraintGeometry geomType="cylinder">
<InstancePath>
<Uid>bottom_board-1</Uid>
</InstancePath>
<Position>-0.043000000640749901 -0.0135 0.002</Position>
<Axis>0 0 -1</Axis>
</ConstraintGeometry>
<ConstraintGeometry geomType="cylinder">
<InstancePath>
<Uid>leg_joint-2</Uid>
</InstancePath>
<Position>-0.0135 0.0040000000000000001 0.012499999999999997</Position>
<Axis>0 -1 0</Axis>
</ConstraintGeometry>
</Concentric>
<Coincident name="Coincident35">
<ConstraintGeometry geomType="plane">
<InstancePath>
<Uid>bottom_board-1</Uid>
</InstancePath>
<Position>-0.048965512114593795 -0.067000000000000004 0</Position>
<Axis>0 0 -1</Axis>
</ConstraintGeometry>
<ConstraintGeometry geomType="plane">
<InstancePath>
<Uid>leg_joint-1</Uid>
</InstancePath>
<Position>0.012500000000000001 0.0040000000000000001 -0.011999999999999997</Position>
<Axis>0 1 0</Axis>
</ConstraintGeometry>
</Coincident>
<Concentric name="Concentric11">
<ConstraintGeometry geomType="cylinder">
<InstancePath>
<Uid>bottom_board-1</Uid>
</InstancePath>
<Position>0.043000000640749901 0.0135 0.002</Position>
<Axis>0 0 -1</Axis>
</ConstraintGeometry>
<ConstraintGeometry geomType="cylinder">
<InstancePath>
<Uid>leg_joint-1</Uid>
</InstancePath>
<Position>-0.0135 0.0040000000000000001 0.012499999999999997</Position>
<Axis>0 -1 0</Axis>
</ConstraintGeometry>
</Concentric>
<Concentric name="Concentric12">
<ConstraintGeometry geomType="cylinder">
<InstancePath>
<Uid>bottom_board-1</Uid>
</InstancePath>
<Position>0.043000000640749901 -0.0135 0.002</Position>
<Axis>0 0 -1</Axis>
</ConstraintGeometry>
<ConstraintGeometry geomType="cylinder">
<InstancePath>
<Uid>leg_joint-1</Uid>
</InstancePath>
<Position>0.0135 0.0040000000000000001 0.012499999999999997</Position>
<Axis>0 -1 0</Axis>
</ConstraintGeometry>
</Concentric>
<Concentric name="Concentric13">
<ConstraintGeometry geomType="cylinder">
<InstancePath>
<Uid>leg_joint-1</Uid>
</InstancePath>
<Position>0 0.031592105863009999 0.010264897440367099</Position>
<Axis>0 -0.9510565162951532 -0.30901699437494856</Axis>
</ConstraintGeometry>
<ConstraintGeometry geomType="cylinder">
<InstancePath>
<Uid>leg-2</Uid>
</InstancePath>
<Position>0.2030000000000001 0 0</Position>
<Axis>-1.0000000000000002 0 1.1102230246251565e-16</Axis>
</ConstraintGeometry>
</Concentric>
<Concentric name="Concentric14">
<ConstraintGeometry geomType="cylinder">
<InstancePath>
<Uid>leg_joint-1</Uid>
</InstancePath>
<Position>-0.017500000000000002 -0.010265847744427301 -0.0033355761306926024</Position>
<Axis>1 0 0</Axis>
</ConstraintGeometry>
<ConstraintGeometry geomType="cylinder">
<InstancePath>
<Uid>leg-2</Uid>
</InstancePath>
<Position>0.0080000000000000002 -0.0079999999999999967 0</Position>
<Axis>0 0.99999999999999989 0</Axis>
</ConstraintGeometry>
</Concentric>
<Concentric name="Concentric16">
<ConstraintGeometry geomType="cylinder">
<InstancePath>
<Uid>leg_joint-2</Uid>
</InstancePath>
<Position>0 0.031592105863009999 0.010264897440367099</Position>
<Axis>0 -0.9510565162951532 -0.30901699437494856</Axis>
</ConstraintGeometry>
<ConstraintGeometry geomType="cylinder">
<InstancePath>
<Uid>leg-1</Uid>
</InstancePath>
<Position>0.20299999999999999 0 0</Position>
<Axis>-1.0000000000000002 0 0</Axis>
</ConstraintGeometry>
</Concentric>
<Concentric name="Concentric17">
<ConstraintGeometry geomType="cylinder">
<InstancePath>
<Uid>leg_joint-2</Uid>
</InstancePath>
<Position>-0.017500000000000002 -0.010265847744427301 -0.0033355761306926024</Position>
<Axis>1 0 0</Axis>
</ConstraintGeometry>
<ConstraintGeometry geomType="cylinder">
<InstancePath>
<Uid>leg-1</Uid>
</InstancePath>
<Position>0.0080000000000000002 -0.0080000000000000002 0</Position>
<Axis>0 1 0</Axis>
</ConstraintGeometry>
</Concentric>
<Concentric name="Concentric18">
<ConstraintGeometry geomType="cylinder">
<InstancePath>
<Uid>leg-2</Uid>
</InstancePath>
<Position>0.2030000000000001 0 0</Position>
<Axis>-1.0000000000000002 0 1.1102230246251565e-16</Axis>
</ConstraintGeometry>
<ConstraintGeometry geomType="cylinder">
<InstancePath>
<Uid>ankle-2</Uid>
</InstancePath>
<Position>0 0.021999999999999992 0</Position>
<Axis>0 1 0</Axis>
</ConstraintGeometry>
</Concentric>
<Coincident name="Coincident36">
<ConstraintGeometry geomType="plane">
<InstancePath>
<Uid>leg-2</Uid>
</InstancePath>
<Position>0.2030000000000001 0 0</Position>
<Axis>1.0000000000000002 0 -1.1102230246251565e-16</Axis>
</ConstraintGeometry>
<ConstraintGeometry geomType="plane">
<InstancePath>
<Uid>ankle-2</Uid>
</InstancePath>
<Position>0 0.018024999999999985 0.0049859025764273394</Position>
<Axis>0 1 0</Axis>
</ConstraintGeometry>
</Coincident>
<Coincident name="Coincident37">
<ConstraintGeometry geomType="plane">
<InstancePath>
<Uid>leg-2</Uid>
</InstancePath>
<Position>0 0 0</Position>
<Axis>-1.1102230246251565e-16 0 1</Axis>
</ConstraintGeometry>
